Acuracia Global: 0.022641509433962263

Precisao por classe:
[0.         0.         0.         0.         0.         0.         0.125      0.         0.         0.         0.         0.         0.11111111 0.08333333 0.         0.         0.06666667 0.         0.         0.         0.         0.         0.         0.         0.         0.16666667]

Recall por classe:
[0.         0.         0.         0.         0.         0.         0.07692308 0.         0.         0.         0.         0.         0.1        0.1        0.         0.         0.125      0.         0.         0.         0.         0.         0.         0.         0.         0.22222222]

F1-Score por classe:
[0.         0.         0.         0.         0.         0.         0.0952381  0.         0.         0.         0.         0.         0.10526316 0.09090909 0.         0.         0.08695652 0.         0.         0.         0.         0.         0.         0.         0.         0.19047619]

Matriz de Confusao:
[[ 0.  1.  0.  0.  0.  0.  0.  2.  0.  0.  2.  0.  0.  0.  0.  0.  1.  0.  0.  0.  0.  0.  1.  0.  0.  0.  6.]
 [ 0.  0.  0.  0.  0.  0.  1.  1.  0.  0.  1.  0.  0.  1.  0.  0.  2.  0.  0.  0.  0.  0.  0.  0.  0.  0.  6.]
 [ 0.  0.  0.  0.  0.  0.  0.  0.  0.  1.  0.  0.  0.  0.  1.  0.  0.  0.  0.  0.  1.  1.  0.  0.  0.  0.  4.]
 [ 0.  0.  0.  0.  0.  0.  0.  0.  0.  0.  1.  0.  0.  0.  0.  0.  1.  0.  0.  2.  1.  0.  0.  0.  0.  0.  4.]
 [ 0.  0.  0.  0.  0.  0.  0.  1.  0.  2.  1.  0.  0.  0.  0.  0.  0.  1.  0.  0.  0.  0.  0.  0.  0.  0. 11.]
 [ 0.  0.  0.  0.  0.  0.  0.  0.  0.  0.  1.  0.  2.  1.  0.  0.  0.  0.  0.  1.  0.  0.  1.  0.  0.  0.  3.]
 [ 0.  0.  0.  0.  0.  0.  1.  0.  0.  0.  1.  0.  0.  0.  0.  0.  0.  0.  0.  2.  1.  0.  1.  0.  0.  2.  5.]
 [ 0.  0.  0.  0.  0.  0.  1.  0.  0.  0.  0.  0.  0.  1.  1.  0.  1.  0.  0.  1.  0.  0.  0.  0.  1.  0.  6.]
 [ 0.  0.  0.  0.  0.  0.  1.  0.  0.  0.  0.  0.  2.  1.  0.  0.  0.  0.  0.  1.  0.  0.  0.  0.  0.  1.  5.]
 [ 0.  2.  0.  0.  0.  0.  1.  0.  0.  0.  0.  0.  0.  1.  0.  0.  0.  0.  0.  1.  0.  1.  0.  0.  0.  0.  4.]
 [ 0.  0.  0.  0.  0.  0.  0.  1.  0.  1.  0.  0.  1.  1.  0.  1.  1.  0.  0.  0.  1.  1.  1.  0.  0.  0.  2.]
 [ 0.  1.  0.  0.  0.  0.  0.  0.  0.  0.  0.  0.  0.  0.  0.  1.  1.  0.  0.  1.  1.  0.  0.  0.  1.  0.  5.]
 [ 0.  0.  0.  0.  0.  0.  0.  1.  0.  0.  1.  0.  1.  0.  0.  0.  1.  0.  0.  0.  0.  0.  0.  0.  0.  1.  5.]
 [ 0.  0.  0.  0.  0.  0.  0.  0.  0.  1.  1.  0.  0.  1.  1.  1.  0.  1.  0.  0.  1.  0.  0.  0.  0.  0.  3.]
 [ 0.  1.  0.  0.  0.  0.  0.  0.  0.  0.  0.  0.  0.  2.  0.  0.  1.  0.  0.  1.  0.  0.  0.  0.  1.  1.  3.]
 [ 0.  0.  0.  0.  0.  0.  0.  0.  0.  0.  0.  0.  1.  0.  0.  0.  1.  1.  0.  0.  1.  0.  0.  0.  0.  1.  7.]
 [ 0.  0.  0.  0.  0.  0.  0.  0.  0.  0.  1.  0.  0.  1.  0.  0.  1.  1.  0.  0.  0.  0.  0.  0.  0.  1.  3.]
 [ 0.  1.  0.  0.  0.  0.  1.  0.  0.  0.  0.  0.  1.  0.  0.  1.  0.  0.  0.  1.  1.  0.  0.  0.  0.  0.  9.]
 [ 0.  0.  0.  0.  0.  0.  0.  0.  0.  2.  0.  0.  0.  1.  1.  0.  2.  0.  0.  0.  0.  0.  0.  0.  0.  0.  3.]
 [ 0.  0.  0.  0.  0.  0.  0.  0.  0.  0.  0.  0.  0.  0.  0.  0.  0.  1.  0.  0.  0.  0.  0.  0.  0.  1.  2.]
 [ 0.  1.  0.  0.  0.  0.  0.  0.  0.  0.  0.  0.  0.  0.  2.  0.  2.  0.  0.  0.  0.  2.  0.  0.  0.  0.  3.]
 [ 0.  0.  0.  0.  0.  0.  1.  0.  0.  0.  0.  0.  0.  0.  0.  0.  0.  1.  0.  0.  0.  0.  1.  0.  0.  0.  3.]
 [ 0.  0.  0.  0.  0.  0.  0.  1.  0.  2.  0.  0.  0.  0.  0.  1.  0.  0.  0.  1.  0.  0.  0.  0.  0.  0.  4.]
 [ 0.  1.  0.  0.  0.  0.  0.  2.  0.  0.  0.  0.  1.  0.  0.  0.  0.  0.  0.  0.  0.  0.  0.  0.  0.  2.  2.]
 [ 0.  0.  0.  0.  0.  0.  1.  1.  0.  0.  1.  0.  0.  1.  0.  0.  0.  0.  0.  0.  0.  0.  2.  0.  0.  0.  4.]
 [ 0.  0.  0.  0.  0.  0.  0.  0.  0.  0.  0.  0.  0.  0.  0.  0.  0.  0.  0.  0.  0.  0.  1.  0.  0.  2.  6.]]
